OffensiveTeam,PasserStrength,RusherStrength,PassBlockStrength,RunBlockStrength,ScramblerStrength
49ers,0.033768230363296674,0.004152216293890966,0.027560184935519268,0.03717675303231835,-1.8161660206565654e-5
Bears,0.007066130927046504,0.022579667840709763,0.02812897607704108,0.042331760004245836,0.17540787778136982
Bengals,0.03796216075595333,0.0031579662714640907,0.030315339843189577,0.03446802007773319,0.057166115492241154
Bills,0.04024106073619201,0.018006649082135884,0.03158033797941045,0.03986718748264072,0.12516231220951485
Broncos,0.015147672864145013,-0.0018641357350992712,0.03136741809725206,0.03651305666637595,0.017513366140251216
Browns,0.030967027012518366,0.01977654090575792,0.03102991923930809,0.03549909671984428,0.03463930455729145
Buccaneers,0.02535778839844347,-0.013608312745260441,0.038755289723973546,0.032744063197543756,-0.0074476338246702856
Cardinals,0.009620583780923406,0.007517337180083843,0.03417691756653559,0.034712080305243136,0.032348836853444266
Chargers,0.043873864767647694,-0.001065064648975412,0.02810589110109188,0.039822578434078174,-0.020492346644199147
Chiefs,0.0656582180798903,0.003249398156040804,0.030375842783121696,0.040371172852227945,0.02842119425073435
Colts,0.011854745019880705,-0.006105905036121479,0.031098315205856455,0.03659961964607415,-0.0072191474460181005
Commanders,0.005826642007296648,-0.0024280885824889045,0.016347469490478814,0.031765010644784576,0.0023575374712477394
Cowboys,0.03191924748466482,0.011737721616525544,0.03373591438352144,0.034528580581803595,0.022083920213700522
Dolphins,0.04686992018389902,0.0020603969044353724,0.035979450008574075,0.048033463686989276,-0.0011925577088270592
Eagles,0.046262635908784364,0.014294894331380906,0.03505915318377486,0.05799156209254766,0.11119481096030594
Falcons,0.0190038838273121,0.018792220722105013,0.03571259919820818,0.04132343770290404,0.018050294622938556
Giants,0.034504702145227065,0.007395566571761813,0.025463887280046338,0.03653071949347159,0.05580972274006989
Jaguars,0.04829315624473296,-0.002674667068786471,0.03146809125112579,0.045690494697898404,-0.015599216171617162
Jets,0.013113629576540367,0.0029555320388012993,0.031008287985176512,0.029233425629286713,7.824829755447716e-4
Lions,0.04642580956145555,-0.0014423829137640305,0.03127173581383279,0.03904400711263111,0
Packers,0.02841837990600531,0.015454200051217946,0.036092031697818036,0.04269592179098982,0.004813091609176962
Panthers,0.009871877969661443,0.0063080492434761755,0.03125490275039802,0.036718727402598135,0.008600641644829205
Patriots,0.02520849962944511,0.010441398752004127,0.029570146204032536,0.029556172413161892,-4.086219225661457e-5
Raiders,0.02954692254945959,0.021680185736421578,0.030912383193730818,0.037711463390559655,0.0018990671249210914
Rams,0.01625963808332278,0.0013828204667423827,0.028280561904264985,0.0361047542210841,0.003058567544698599
Ravens,0.020395248825219717,0.006954642094261804,0.03600033753476411,0.05300431051629475,0.06682782417238242
Saints,0.03732296859373035,-0.0016001117162192018,0.03587929273877438,0.03967516837635983,-0.004889951280526573
Seahawks,0.03386908499876763,0.006162904052159313,0.03472142887139131,0.03974394314988115,0
Steelers,0.023141448544722432,0.002601628228970496,0.03333927044927741,0.04219553610623163,0.005552681786825583
Texans,0.0047349631703156175,0.002717877988865967,0.02302469421656119,0.02971657026358872,-0.008970485763970939
Titans,0.02730564513909665,0.009914732139134071,0.01983516314941064,0.03466522418023544,0.0068877991973331385
Vikings,0.035524105404837164,-0.004731739773356438,0.02732990886321943,0.036317746271247967,-0.0012417417581192904
